4000
3000
0  3194  6
2  1304  7
4  3847  8
4  228  3
4  2602  8
5  1011  1
6  3130  7
8  3742  4
9  2292  5
10  3568  4
11  2375  6
15  2273  6
16  3735  3
17  1715  7
17  1438  6
17  2841  8
18  1853  3
19  1760  3
19  2827  4
20  800  5
20  3830  7
22  2242  6
24  2084  1
25  3669  0
29  2192  2
32  2339  9
34  2649  7
36  2503  5
39  1133  5
41  3252  2
43  2213  1
45  1333  8
45  3278  2
48  2073  5
49  168  9
51  1723  7
51  1632  1
52  3006  4
54  1742  1
55  3483  2
57  1149  0
59  3035  1
60  1445  9
61  2816  9
61  749  8
62  480  2
63  36  7
64  12  6
65  2273  3
65  3030  2
66  3865  6
66  973  4
67  2167  1
71  350  2
72  101  9
74  2551  8
75  1427  5
75  972  3
77  1398  3
81  14  0
84  1931  9
86  1128  1
86  367  7
88  1905  6
88  414  8
89  2176  3
94  1752  0
94  2728  4
95  1064  7
97  3365  0
98  2148  9
98  3451  0
100  2118  4
100  3386  9
101  2250  9
101  3340  6
102  1143  6
103  3034  4
103  2264  5
104  3726  7
106  1309  2
106  3714  0
107  2779  3
107  2824  8
107  144  5
108  3189  6
110  1283  0
112  1544  5
114  3842  2
119  724  1
121  2951  3
124  3594  6
126  788  5
126  3449  0
127  468  5
127  1203  0
128  2404  1
131  3137  2
132  2215  0
132  347  0
133  663  5
133  655  4
134  1271  1
135  3197  5
135  2981  4
135  1173  7
136  2956  0
136  3886  2
137  159  8
137  1413  1
139  1505  0
140  1627  0
142  1130  2
143  1598  8
144  69  3
144  3319  3
144  2739  2
146  1531  8
146  1923  2
148  727  7
148  3770  1
150  756  1
151  2209  7
152  1422  4
155  3282  6
157  1231  0
159  492  6
161  1319  8
161  3877  6
164  3929  5
165  2415  1
166  3830  7
167  2415  7
168  1630  5
168  1519  1
170  2330  5
174  3287  4
175  1427  2
175  3832  2
176  1299  6
179  2741  3
181  236  1
181  857  4
182  260  6
183  3497  8
183  2908  7
185  786  8
187  3165  0
191  2296  3
192  606  9
192  1035  3
193  99  4
194  1478  4
194  109  8
197  3827  5
197  3947  2
204  3159  6
204  1988  1
206  515  3
212  1938  0
215  1865  9
217  3309  0
218  1492  4
218  788  4
218  3339  3
220  2045  1
221  54  0
222  52  4
223  3496  0
226  2476  5
229  3785  4
231  3109  3
232  2881  1
233  2085  1
236  3391  6
237  1480  1
240  1294  2
241  3831  0
241  3784  4
241  426  8
242  3496  0
243  2536  9
248  2998  8
248  1591  5
249  635  5
253  1296  3
253  3551  0
254  241  5
254  1288  2
256  1034  1
258  3929  1
259  2890  6
260  977  7
260  2195  0
261  212  2
262  480  8
263  3719  8
264  256  3
266  3088  2
268  3148  3
268  2396  6
269  2138  3
271  2700  3
272  1639  4
273  2018  4
273  3301  1
275  1741  7
275  1282  3
275  3464  8
276  602  2
277  2124  9
279  2230  7
280  719  1
280  3369  7
281  3247  1
281  2488  4
281  536  2
284  3188  9
284  1129  4
285  103  9
287  3416  9
289  1154  8
289  2520  4
290  1027  8
293  3820  0
298  127  2
299  3426  3
299  3581  8
301  403  2
301  2260  9
301  966  5
302  3132  4
304  1575  7
305  3764  3
306  3892  0
307  3773  8
308  415  5
309  2171  5
310  2760  2
311  660  8
314  3369  7
315  1136  0
315  956  5
316  2369  5
316  5  1
317  2203  5
318  2143  2
320  2961  6
321  3940  3
321  1317  6
321  1532  3
322  3033  5
326  2905  2
327  2980  7
328  2472  6
332  2700  2
334  420  5
336  2814  5
336  320  9
337  2016  6
343  1108  9
344  440  4
347  3427  4
348  2605  1
350  3981  5
353  3828  0
354  3677  5
354  2272  1
354  3665  2
355  729  7
355  355  8
356  478  3
358  2310  6
358  568  8
362  2531  4
362  1635  2
365  461  7
373  746  0
374  590  0
374  1043  0
377  2967  0
379  333  9
380  3912  5
384  217  7
384  2876  5
386  3813  8
387  2367  6
387  1388  8
388  3986  6
389  2643  5
389  3166  6
390  914  3
393  732  2
393  2828  1
394  2823  7
397  1693  6
398  3091  6
398  2421  5
399  2323  5
402  1239  9
404  711  1
404  287  8
406  3324  8
407  2943  1
407  3971  5
407  3598  9
408  602  3
408  3345  8
409  2664  7
410  866  5
412  3444  1
412  3217  8
413  1373  5
417  2651  3
419  2583  5
419  1281  6
420  3565  4
424  3439  0
424  2004  5
425  1442  6
425  2958  1
425  1399  2
426  254  8
426  3500  2
426  1755  4
428  456  2
430  1430  0
430  3715  3
432  2476  0
433  3223  7
433  353  2
435  1932  2
435  3996  6
438  3199  4
440  2733  5
441  2173  3
441  983  5
442  233  4
444  3766  0
445  1689  2
445  2510  1
447  3465  6
448  1920  0
449  2799  4
450  3825  1
452  3119  5
454  166  0
454  1424  2
455  3253  2
455  783  0
456  352  7
462  2960  9
463  3480  5
464  1275  4
464  3821  1
464  405  4
465  618  5
465  3181  3
467  1863  9
467  560  4
469  1003  9
469  3236  9
470  3909  0
471  1367  0
472  763  5
472  904  8
477  3581  6
479  531  3
482  249  6
484  268  4
485  645  8
486  3624  3
487  1772  2
492  113  8
493  1724  2
494  341  3
495  1573  0
495  757  3
496  3212  5
497  1896  2
498  2838  8
498  2229  0
499  435  6
500  2721  7
502  2108  2
502  976  0
504  1764  3
504  493  5
504  1997  9
507  2409  7
508  3327  6
509  2921  9
510  3687  0
510  3539  0
516  789  3
520  2707  1
527  1850  5
529  3169  7
529  767  0
534  3674  1
535  3  0
535  1869  9
536  92  5
537  1347  3
538  1244  2
540  2429  3
544  3756  9
545  2730  3
546  1586  5
551  2367  5
553  3883  7
554  3044  3
555  1127  7
558  2487  4
560  156  0
562  2587  6
562  3945  6
563  1557  0
565  3679  1
565  1757  4
566  902  3
566  2460  7
566  2064  6
568  729  3
569  799  2
570  3815  0
575  3490  2
576  3257  6
577  1003  4
577  1022  6
578  846  5
580  1643  4
580  255  5
581  3746  5
585  2424  9
587  748  8
589  648  3
589  2268  9
589  3832  9
590  280  1
594  2963  6
596  2451  3
597  2687  2
598  2574  7
601  1854  6
602  974  1
605  2289  0
606  1205  1
608  2344  0
608  1439  7
609  1720  7
610  2094  7
612  1673  0
612  3494  9
615  726  5
616  3986  2
617  22  0
618  3894  0
622  3480  7
625  2720  9
626  1660  5
627  1222  2
631  3061  5
631  954  6
633  2957  5
636  1542  1
637  3632  1
640  1689  1
641  1766  7
642  1332  6
643  2834  6
644  3618  9
645  3811  3
645  1003  6
647  3801  9
647  3212  5
648  1030  6
649  3700  1
650  2726  7
652  2756  4
652  3821  6
653  2172  5
654  1211  6
655  3594  7
659  3268  5
665  786  5
666  3533  8
670  454  7
671  824  9
673  687  7
673  3895  1
673  1355  7
673  2689  1
674  347  5
676  565  9
678  1330  7
678  1196  9
679  1071  1
680  3847  7
680  3987  9
681  2594  6
681  2583  5
682  2539  7
682  2575  5
685  97  4
692  1333  0
693  2446  2
695  57  6
696  2923  4
701  2125  5
701  2451  2
702  1929  0
702  395  0
702  1387  8
706  1618  7
710  3568  9
713  2725  7
715  2198  2
715  2658  8
716  2581  2
717  786  6
718  3478  1
720  925  9
720  3852  5
720  2452  0
721  192  5
725  2704  4
725  622  2
728  2234  4
729  3026  9
729  2406  4
730  65  6
730  3875  6
731  3735  4
733  3261  6
734  3550  3
736  352  2
736  3041  4
740  2067  1
742  3652  3
742  2261  9
743  219  3
744  1248  4
745  974  4
749  641  7
749  3816  6
751  956  2
754  1656  2
758  266  8
760  1114  0
762  1632  9
762  2744  0
763  2058  3
767  2313  3
768  3937  1
768  1001  5
770  1182  8
772  3062  6
773  3071  6
773  2082  2
774  2812  2
775  324  0
776  2181  7
776  2920  4
778  660  1
781  132  4
782  1574  3
782  1525  7
783  1787  7
783  2668  1
784  54  5
784  2776  6
785  3926  5
787  3155  5
787  1546  1
787  2090  9
788  128  4
790  905  9
791  1644  0
792  3519  3
793  531  6
793  3524  7
794  344  5
794  1607  2
795  423  5
796  3045  8
796  1678  2
798  2329  4
800  901  9
802  685  7
802  2872  2
804  2189  1
804  2474  1
806  918  2
809  3206  2
814  1682  5
815  2268  0
816  1374  8
816  409  6
817  2732  3
822  1789  7
823  126  6
825  1885  9
826  3446  4
831  3197  0
835  1024  3
835  1981  3
835  2777  6
837  1525  0
837  381  8
837  954  7
841  2280  0
842  1897  0
849  1991  3
853  3121  8
855  3785  1
856  868  9
859  1088  0
859  1863  5
861  3083  5
861  260  4
862  2981  8
862  3491  8
863  2388  3
864  3244  3
866  3550  7
866  1706  0
866  611  3
869  3132  2
869  2356  1
871  3678  0
872  2596  7
874  2863  5
880  982  6
881  2975  6
881  3841  6
883  3508  4
884  1388  5
885  1824  1
885  2961  2
886  2275  0
887  919  2
888  2749  5
888  2537  5
888  1782  9
889  648  9
890  905  2
891  2416  2
892  143  2
894  149  8
896  1259  0
897  2768  5
898  2262  4
898  440  2
898  2838  2
900  3672  6
904  3236  8
906  681  7
909  1648  8
911  2846  7
915  3919  2
915  2919  8
915  1690  0
918  3750  9
919  2423  5
920  2739  1
921  357  1
923  2414  5
924  1424  0
924  248  4
925  151  6
927  2560  0
927  754  2
932  1184  3
936  786  3
936  1411  2
937  649  0
938  137  8
939  1994  8
939  2155  3
940  3062  7
942  3691  7
944  3993  4
948  1189  8
949  3779  7
949  2511  3
950  2740  2
952  2903  5
953  1944  6
953  211  8
957  3394  5
959  2385  5
961  1059  0
962  2957  0
963  3105  4
963  2436  4
964  631  4
964  1879  0
964  312  5
964  3807  7
967  392  6
969  606  3
974  1871  1
974  2367  6
975  511  0
975  3619  9
977  810  7
978  1549  1
980  2912  2
982  3199  9
983  1149  9
984  2156  3
984  2652  9
988  2527  1
989  3534  0
989  3546  7
989  1213  0
990  1740  9
990  311  6
991  3543  8
991  3468  4
998  866  7
999  3759  9
1004  1627  2
1007  720  0
1007  2697  2
1008  1139  1
1009  1877  5
1012  3587  8
1015  555  0
1016  507  2
1018  1741  9
1020  162  8
1020  2587  1
1021  1894  2
1022  1942  3
1024  3737  6
1029  2900  6
1030  983  5
1030  1885  1
1031  1409  1
1031  946  6
1031  1881  9
1031  2909  6
1036  606  1
1040  3855  9
1040  3371  2
1040  844  6
1041  257  5
1042  161  7
1042  1044  1
1044  3381  9
1044  3952  5
1046  39  1
1046  1355  2
1046  2890  6
1047  3908  7
1048  2951  6
1049  91  6
1052  1049  9
1052  2935  7
1053  3417  6
1053  1286  0
1058  1838  1
1060  195  0
1065  3640  9
1068  459  4
1070  276  3
1071  1140  7
1072  2145  0
1075  2403  5
1076  111  0
1076  1675  5
1076  159  3
1080  2083  9
1083  577  1
1084  3243  2
1084  3416  7
1085  2773  2
1087  548  9
1090  1421  4
1093  913  5
1096  1426  2
1097  3750  5
1098  1613  3
1098  3466  8
1098  2121  8
1101  2483  5
1102  3966  5
1102  2870  0
1105  1251  8
1107  1122  2
1110  3952  4
1110  1652  5
1110  1585  9
1113  528  5
1115  890  5
1116  2901  1
1121  3346  1
1123  3176  6
1123  2262  7
1126  882  2
1127  382  3
1127  1943  7
1128  354  2
1129  2537  9
1129  1316  2
1129  1954  3
1129  2798  0
1130  249  9
1131  3292  9
1131  3020  6
1132  1486  5
1132  3038  8
1134  2014  3
1135  2820  9
1136  996  0
1136  2231  9
1137  2653  5
1139  733  1
1139  3635  5
1140  2035  8
1141  662  4
1141  37  5
1142  3539  5
1142  1477  3
1144  496  0
1145  368  2
1146  3721  4
1149  1249  1
1150  2750  6
1150  3284  9
1150  3586  1
1151  3992  4
1151  3066  6
1151  764  5
1154  1859  5
1155  953  1
1156  534  2
1156  1252  6
1157  3865  4
1158  2663  3
1160  2106  3
1161  2290  9
1162  1712  0
1163  3820  3
1167  2575  1
1167  177  9
1168  2215  9
1169  1878  7
1169  1137  2
1171  1882  9
1173  1230  0
1174  3764  0
1175  1771  9
1175  1308  5
1176  287  4
1179  917  0
1180  2706  3
1180  3674  9
1180  444  1
1181  717  4
1183  2161  7
1185  3451  5
1187  3194  2
1187  126  9
1189  3607  6
1189  3882  6
1191  3017  4
1192  2226  7
1193  3737  5
1193  2481  9
1193  3879  3
1195  3276  9
1198  2673  2
1200  3109  9
1200  2203  2
1200  1242  0
1202  3792  4
1203  1244  8
1204  3634  7
1204  2296  9
1208  1697  7
1211  3279  9
1213  381  2
1217  2288  2
1218  1395  2
1218  2535  2
1218  880  8
1220  2893  1
1221  2629  9
1223  1487  9
1224  2130  8
1225  1298  8
1226  2049  9
1227  3817  9
1227  3959  4
1228  1835  0
1228  2249  8
1229  3367  8
1229  1087  8
1230  838  0
1230  2992  0
1230  377  1
1233  568  1
1234  3761  1
1234  3478  2
1234  1908  3
1235  1012  1
1236  821  0
1237  1135  2
1237  2957  9
1237  2536  9
1238  2281  1
1238  551  1
1242  700  5
1243  1904  6
1244  3005  2
1245  1279  6
1247  14  9
1249  1728  7
1249  2632  5
1250  2599  3
1251  308  8
1254  3643  6
1255  1777  3
1256  779  0
1256  1509  0
1259  1773  1
1260  1873  1
1262  3848  9
1263  401  3
1263  282  5
1263  3778  6
1265  2642  2
1266  561  0
1266  2544  4
1266  3732  8
1267  1947  7
1267  3451  6
1270  708  7
1270  3103  7
1270  3034  3
1271  1916  4
1271  1783  7
1271  3733  2
1272  2574  3
1276  393  2
1277  597  9
1278  2892  2
1278  3748  1
1280  469  4
1280  965  5
1280  2284  1
1281  1520  9
1281  730  3
1282  1948  3
1285  2968  3
1288  2652  7
1290  587  2
1291  2406  4
1293  3477  9
1295  1323  2
1297  3446  3
1298  1827  6
1300  395  0
1300  2324  2
1303  3631  8
1305  1555  1
1311  1021  1
1311  3807  3
1312  1634  9
1316  79  9
1318  879  0
1318  1287  9
1319  65  5
1320  2436  3
1321  1864  9
1322  2280  2
1323  2947  0
1324  3732  2
1324  2832  6
1325  2159  2
1325  2804  9
1325  3149  0
1327  3294  1
1327  2943  1
1328  1708  4
1329  2731  1
1329  2633  3
1330  257  6
1331  591  4
1333  2001  4
1333  1608  9
1333  1493  6
1335  1169  5
1340  1975  5
1344  1763  0
1346  1367  2
1355  435  5
1357  1236  1
1358  3959  0
1360  3382  8
1361  769  7
1361  600  2
1362  3652  5
1363  2595  1
1364  3742  8
1367  3923  2
1368  1062  0
1368  121  5
1368  2495  8
1369  3594  2
1370  982  7
1373  1313  7
1374  2346  9
1374  3330  1
1374  837  6
1376  1050  1
1376  681  8
1378  1875  7
1379  2371  6
1379  1287  7
1380  3864  6
1384  2424  1
1384  3007  3
1386  608  6
1387  3507  5
1391  1676  5
1393  838  4
1394  1114  2
1395  346  4
1396  3049  0
1397  2800  6
1397  1526  2
1397  2167  0
1398  2847  0
1399  2719  1
1401  1928  5
1402  1841  3
1404  1488  0
1405  1014  3
1406  3005  3
1411  1397  7
1411  1283  5
1412  3936  8
1412  2954  5
1413  2116  7
1415  1676  3
1416  1390  8
1417  3417  4
1419  3168  6
1419  3771  9
1419  2725  8
1421  190  5
1422  1037  0
1423  2850  3
1427  3999  3
1427  405  4
1429  1067  1
1430  3563  6
1431  3086  2
1431  3004  2
1432  132  7
1434  372  3
1435  1879  7
1438  2724  8
1440  1065  2
1442  3675  2
1443  687  3
1444  2481  6
1446  1228  9
1447  2906  0
1447  1763  4
1448  3888  8
1449  735  0
1449  1172  2
1451  2300  6
1451  3905  9
1452  2786  9
1453  3671  3
1453  3134  4
1455  1104  8
1455  2605  2
1458  3893  8
1458  2087  1
1459  1703  9
1459  2768  4
1460  277  6
1460  2488  4
1462  3424  7
1462  3476  7
1462  1393  9
1462  1741  5
1464  1108  2
1464  2153  9
1468  2692  6
1469  669  5
1469  2120  9
1469  1644  7
1470  1073  8
1470  2884  8
1473  3545  6
1477  3889  7
1478  1131  3
1478  2340  0
1479  3710  9
1484  3622  0
1485  2388  0
1489  832  3
1491  2728  4
1493  916  6
1493  1079  7
1493  1740  7
1494  1767  9
1495  1440  8
1495  3327  0
1496  150  9
1496  344  0
1500  3794  0
1504  1199  5
1505  1167  2
1506  2112  8
1507  154  0
1509  479  6
1510  2150  2
1512  2090  5
1513  645  0
1515  3835  7
1517  55  2
1519  3703  1
1519  3523  2
1520  1212  6
1522  2838  4
1522  3301  3
1527  3335  9
1528  221  0
1529  2077  7
1531  3231  2
1532  197  4
1534  2110  4
1535  2017  5
1535  1589  8
1536  1881  5
1538  197  2
1539  1770  0
1541  3206  9
1542  1245  7
1542  111  9
1544  153  1
1548  1089  8
1549  2964  8
1549  1535  5
1549  2761  3
1549  2374  5
1550  1800  9
1552  3402  3
1553  282  2
1553  6  1
1554  2310  4
1555  3557  2
1556  1258  5
1557  1151  8
1557  150  6
1558  20  3
1558  3283  0
1561  3643  1
1564  3465  6
1565  3685  9
1565  1608  6
1566  287  1
1569  2304  7
1570  1905  5
1571  179  7
1573  77  4
1579  106  1
1579  1127  4
1583  1248  4
1584  303  5
1584  636  9
1584  3591  2
1585  3047  8
1587  3061  7
1587  416  1
1588  976  5
1590  2248  5
1591  2482  6
1593  895  5
1595  694  4
1595  507  3
1595  2865  4
1597  2006  0
1600  2731  7
1600  3436  5
1601  521  3
1602  1352  5
1603  3143  1
1605  2400  9
1607  1903  3
1611  3697  1
1612  855  3
1612  3262  4
1612  3106  7
1612  1848  5
1613  951  8
1615  1571  8
1616  1512  2
1621  3601  1
1621  527  1
1623  912  7
1626  3891  3
1626  2517  3
1626  3003  0
1628  2117  9
1630  620  3
1630  3188  6
1633  881  5
1635  3379  3
1637  1024  0
1638  91  1
1641  2437  7
1641  3236  4
1642  1209  7
1642  62  8
1651  3367  0
1652  292  2
1654  2675  9
1654  2842  8
1656  888  8
1658  3417  7
1659  1121  5
1660  3093  3
1661  2437  4
1663  638  7
1664  510  1
1664  2686  0
1667  2717  8
1667  2776  2
1669  582  0
1669  1561  7
1671  3171  6
1672  2303  1
1672  422  8
1674  611  2
1675  3483  2
1676  391  7
1676  349  6
1677  3064  2
1677  650  7
1677  929  9
1679  3757  9
1679  2911  4
1680  1327  6
1680  2673  1
1681  3771  4
1681  2255  7
1682  2888  0
1683  497  6
1686  1651  2
1689  2344  4
1690  2380  8
1690  876  2
1690  1116  7
1692  233  4
1692  2797  5
1692  1749  2
1694  3839  8
1699  1303  5
1700  2407  9
1701  934  1
1701  1028  8
1707  3226  8
1708  264  4
1709  3400  1
1709  1906  1
1709  3873  0
1710  2237  0
1711  695  8
1711  2472  1
1713  172  3
1715  1308  9
1715  305  3
1717  1137  8
1717  2204  3
1718  2807  2
1718  150  5
1720  32  5
1721  2777  1
1721  2222  4
1723  3553  8
1726  2288  9
1726  823  9
1730  953  5
1730  346  1
1730  12  7
1732  504  6
1732  1365  4
1733  3884  0
1733  2513  9
1735  1695  0
1736  591  5
1736  2789  6
1738  919  8
1738  1586  1
1740  1756  7
1740  422  8
1743  2523  3
1743  2934  1
1745  3797  4
1745  3898  7
1748  326  3
1749  1374  4
1750  3477  0
1750  2836  1
1751  1457  3
1752  3004  0
1754  2502  1
1761  470  2
1761  1328  6
1762  2166  8
1764  1763  5
1764  1557  6
1767  3907  7
1767  816  4
1767  450  2
1770  996  2
1771  391  7
1772  2840  3
1773  367  7
1773  1289  6
1774  179  2
1776  691  0
1779  2014  1
1780  3872  6
1780  2989  8
1781  3927  0
1783  743  7
1784  3098  9
1786  1678  2
1787  1260  8
1792  2415  1
1796  1821  7
1797  383  6
1800  2748  7
1801  3498  9
1803  1637  8
1806  3137  4
1808  2159  0
1810  567  3
1810  9  0
1811  1897  1
1812  1491  3
1813  348  5
1814  3787  2
1814  3311  7
1815  2049  3
1815  1592  0
1816  2768  4
1817  1937  0
1817  58  6
1819  1006  6
1820  2332  2
1821  2066  1
1822  1315  1
1823  2753  3
1824  979  2
1825  676  8
1825  1413  3
1825  1816  5
1826  912  8
1828  1006  0
1830  1076  9
1836  1959  1
1841  2036  9
1841  2448  8
1843  822  1
1845  2853  9
1846  240  9
1846  1508  8
1848  491  4
1851  1103  1
1854  3435  4
1856  1937  8
1859  1340  9
1861  3630  7
1862  1062  0
1863  393  0
1867  3652  8
1867  3451  5
1872  746  5
1872  917  5
1873  3381  7
1873  896  2
1876  1941  2
1877  3581  0
1879  32  1
1879  3781  4
1879  3273  2
1887  3840  6
1887  2594  0
1888  2498  7
1889  3518  9
1891  360  3
1894  1671  1
1895  324  4
1897  3542  1
1901  1264  0
1901  3491  3
1903  3348  5
1904  1190  1
1906  3484  2
1909  2129  2
1909  1865  3
1915  1434  7
1915  1998  8
1915  2124  9
1918  2009  9
1920  1430  0
1920  57  1
1920  2806  7
1924  1176  8
1924  1037  1
1925  957  7
1928  3174  9
1929  1839  6
1929  3546  5
1930  2372  4
1931  1149  5
1931  444  0
1932  2100  5
1933  1943  1
1933  698  9
1934  104  7
1936  3358  4
1937  2568  2
1937  1262  1
1937  1504  6
1940  1728  5
1941  106  7
1941  47  4
1942  3987  4
1947  2723  1
1947  2314  3
1947  664  5
1947  3752  0
1948  2431  2
1948  3045  5
1949  2602  5
1950  274  4
1952  3747  5
1957  3466  4
1957  3054  9
1959  3493  1
1959  3011  0
1960  2618  2
1960  1808  8
1961  3755  9
1964  3370  8
1966  1910  9
1966  268  3
1967  138  0
1970  855  0
1971  1093  4
1971  1735  9
1971  3321  6
1974  3078  8
1976  3883  8
1978  3445  2
1978  1382  3
1981  83  2
1986  2153  3
1987  1983  3
1990  1309  9
1990  1704  5
1990  224  9
1991  2585  2
1996  128  6
1998  916  3
1998  3616  6
1998  3439  4
1999  1227  5
1999  3517  7
2000  878  9
2001  3806  2
2002  1802  9
2004  334  2
2004  1352  6
2007  2599  7
2007  3002  2
2011  2966  6
2012  453  4
2014  654  7
2014  3134  3
2015  2965  5
2016  1820  0
2016  3023  8
2018  2132  7
2018  2804  7
2018  446  0
2022  2757  6
2025  3338  4
2028  1860  2
2032  308  7
2035  1931  6
2036  1528  0
2036  3302  0
2042  1596  3
2043  590  4
2046  3193  5
2047  3380  8
2051  3459  6
2053  1368  1
2055  2182  7
2058  2086  3
2058  1010  3
2061  3722  0
2062  2715  0
2063  3612  2
2065  2561  2
2065  3140  6
2065  1491  7
2068  1508  1
2069  1205  5
2070  1093  1
2071  3163  7
2071  3560  7
2072  2578  6
2073  2548  0
2073  3647  2
2074  1049  2
2075  865  9
2075  2828  8
2075  156  1
2077  3438  4
2077  1109  9
2079  642  5
2080  2623  6
2081  2665  7
2083  2738  9
2083  1665  2
2085  1217  6
2085  618  5
2086  1774  8
2088  2753  9
2090  329  3
2091  418  9
2092  2319  2
2092  2426  3
2092  3763  9
2093  624  5
2093  2321  9
2094  2675  4
2094  2253  1
2094  3844  9
2095  3254  1
2095  3478  4
2099  3544  1
2100  1167  7
2101  1321  4
2102  2418  4
2104  2962  8
2106  1874  2
2110  3010  2
2114  1911  3
2114  3117  4
2115  1922  5
2115  3882  9
2117  2425  6
2117  1935  7
2120  3176  9
2120  1205  2
2121  829  3
2123  905  8
2126  1321  3
2126  3420  2
2128  3893  2
2130  772  8
2131  1875  5
2132  970  1
2134  218  5
2134  1826  1
2134  3907  9
2135  3204  2
2137  512  0
2137  1092  6
2138  714  5
2139  2234  8
2139  1393  6
2144  912  3
2145  1633  6
2146  686  0
2148  788  1
2148  3351  7
2149  2800  9
2151  3077  7
2153  1084  0
2154  3800  0
2154  234  2
2154  3540  7
2155  3069  9
2156  3862  1
2156  28  3
2157  1729  5
2158  972  0
2159  2396  3
2159  1449  3
2159  3477  3
2161  3898  9
2161  2675  9
2162  715  9
2165  391  3
2166  1135  8
2166  2781  5
2167  712  1
2170  3589  9
2173  1256  1
2173  701  9
2174  1128  3
2175  1404  0
2176  76  6
2178  1635  8
2180  432  2
2182  2944  7
2182  279  1
2183  300  9
2183  1358  8
2185  3048  0
2187  208  1
2190  516  0
2192  3060  2
2194  2394  3
2196  2247  2
2197  1539  2
2198  806  2
2200  2674  3
2202  1886  1
2202  3753  9
2202  3129  4
2205  2804  3
2205  2115  1
2207  3269  5
2207  550  0
2208  3760  9
2210  1256  7
2211  257  1
2214  2943  4
2216  3241  4
2217  631  0
2218  926  7
2218  409  7
2221  794  4
2221  3733  1
2222  3840  3
2225  3539  3
2225  1727  7
2225  2264  3
2227  3996  9
2227  798  8
2227  3626  6
2228  2055  9
2230  1450  2
2230  579  9
2231  362  0
2234  2052  2
2236  445  5
2236  2209  8
2242  816  3
2246  3711  3
2248  3113  9
2248  728  7
2252  1631  4
2252  1548  2
2252  3118  6
2253  1138  2
2254  2021  3
2254  2808  5
2254  3302  7
2257  1629  3
2258  2641  8
2261  1989  8
2262  3380  2
2263  2274  7
2265  2675  8
2265  1301  2
2265  2366  4
2266  2087  0
2266  1232  1
2268  2590  9
2275  913  3
2278  3559  6
2279  1982  0
2279  777  6
2279  2892  5
2280  2547  9
2281  1935  0
2284  2546  2
2288  3341  0
2288  2849  7
2289  47  2
2292  3336  5
2296  2061  3
2297  3232  4
2298  570  5
2298  2793  7
2301  2054  7
2302  3290  8
2303  1518  4
2303  3754  3
2312  1677  0
2312  735  3
2313  1123  9
2314  1246  1
2316  947  2
2316  2705  1
2317  938  6
2318  3948  9
2320  3851  0
2321  1992  9
2322  3718  7
2324  1323  7
2328  220  2
2328  2874  4
2329  1633  5
2331  3290  2
2332  1158  4
2333  2560  1
2333  3885  3
2334  2020  0
2335  1085  5
2340  3987  6
2341  493  2
2341  239  5
2341  726  5
2342  3710  6
2342  3829  5
2344  2063  8
2345  28  8
2345  3551  9
2347  947  8
2349  2641  8
2349  3293  1
2350  366  8
2351  3640  6
2353  70  3
2353  889  7
2354  874  7
2354  1280  6
2355  1054  7
2358  2388  2
2359  3149  6
2360  3997  7
2361  3720  8
2362  3343  8
2362  3343  4
2363  143  9
2364  1164  1
2365  2875  1
2365  2697  5
2367  1642  7
2368  539  9
2368  2081  2
2369  3287  0
2370  2916  0
2371  2598  6
2373  3567  1
2375  2336  9
2377  938  0
2377  1684  1
2377  1489  9
2378  3176  1
2378  1868  2
2380  2588  9
2382  1259  5
2382  108  6
2384  2701  0
2387  3168  0
2390  2826  8
2392  3472  4
2393  3661  3
2395  1335  1
2395  2206  4
2400  3758  7
2400  2641  4
2400  3789  2
2401  3193  9
2401  2514  5
2402  2656  6
2402  2614  8
2403  1707  2
2403  178  4
2404  57  4
2404  1581  3
2406  3076  0
2408  1222  3
2409  1791  2
2411  3884  2
2412  914  6
2413  65  8
2417  1591  0
2417  536  1
2418  2507  0
2420  3232  2
2422  466  0
2423  3500  8
2423  2513  0
2427  2601  0
2428  3273  2
2429  985  1
2430  1770  8
2430  2443  2
2431  3166  2
2431  2575  9
2432  2280  6
2432  3081  8
2435  539  2
2436  951  5
2436  2277  5
2444  1891  8
2444  1094  4
2446  1370  2
2447  947  6
2448  534  8
2453  1272  6
2453  271  3
2454  2159  3
2454  3900  6
2454  2291  7
2455  1038  6
2456  3648  8
2456  3077  3
2463  394  2
2464  1739  0
2466  2829  3
2467  681  9
2468  1655  6
2471  3667  9
2471  2760  3
2471  1588  5
2471  1785  9
2472  1400  1
2476  3684  4
2478  3999  2
2480  1928  7
2481  1705  1
2489  1416  8
2489  1823  1
2489  169  4
2489  1694  4
2489  2943  9
2490  2084  0
2492  2430  2
2493  3251  0
2494  3965  1
2495  988  5
2495  2556  0
2495  1840  3
2497  516  4
2497  1975  7
2499  2195  0
2504  1174  7
2506  278  7
2507  2619  5
2508  3568  4
2509  1720  5
2514  3425  2
2514  2987  1
2516  1058  4
2517  3066  8
2521  2418  0
2523  481  8
2524  787  5
2524  3613  0
2525  25  2
2525  3545  2
2527  1872  3
2528  523  6
2528  1408  0
2530  3860  3
2530  2890  6
2531  390  7
2531  2528  1
2531  857  6
2532  3876  7
2533  3077  2
2534  2639  3
2535  2982  6
2535  3972  6
2535  1140  3
2536  963  0
2536  1909  8
2537  1492  1
2538  2019  1
2539  1724  9
2540  3995  9
2543  176  3
2543  1151  3
2544  3347  0
2545  1847  2
2545  2090  4
2548  263  7
2549  351  1
2550  3412  4
2552  316  9
2553  1258  6
2553  3692  7
2554  3846  0
2556  3979  4
2559  3682  1
2561  3712  4
2561  3632  0
2562  2379  7
2563  1857  2
2565  2821  1
2566  2001  9
2571  2149  7
2572  950  7
2572  3784  4
2573  3058  3
2574  2654  7
2574  3957  4
2575  3470  7
2576  1086  3
2576  2571  6
2577  3338  8
2578  3721  7
2581  686  9
2582  3225  8
2583  2946  4
2584  2308  6
2584  1129  1
2585  553  6
2586  575  5
2587  2779  4
2587  1867  8
2587  3730  6
2588  2096  7
2589  3382  0
2589  232  0
2591  1625  9
2592  1875  5
2594  609  9
2594  2807  7
2597  920  8
2598  1026  4
2599  3533  4
2600  856  4
2602  3488  0
2602  1316  1
2604  2475  9
2607  1786  1
2611  729  5
2612  1467  1
2613  2876  5
2613  689  8
2615  2122  9
2616  287  7
2617  3455  8
2618  2250  2
2620  1343  8
2620  3892  4
2621  173  1
2621  1982  0
2621  3177  7
2624  1276  4
2625  985  6
2626  2728  1
2627  3442  6
2627  2610  2
2627  2696  7
2629  2432  9
2633  213  8
2635  605  6
2636  937  4
2638  1973  4
2639  608  9
2642  2296  7
2645  2548  2
2645  3311  8
2647  141  7
2647  3915  6
2649  3137  0
2649  3046  2
2649  1233  7
2649  3916  0
2650  2106  7
2651  948  8
2652  1363  6
2652  292  6
2654  1321  5
2658  3658  1
2659  1904  3
2660  3327  8
2662  3629  8
2662  865  7
2662  2217  7
2663  2090  3
2667  1684  3
2673  2351  2
2673  3594  9
2674  999  3
2675  2290  4
2676  1081  1
2679  3080  6
2679  2437  6
2684  2154  1
2685  3095  3
2686  80  4
2690  609  1
2691  623  8
2692  3872  3
2693  1316  3
2694  731  4
2696  1871  3
2697  3415  9
2698  3574  9
2702  941  0
2702  3062  9
2702  298  1
2703  1412  2
2705  1527  9
2705  770  5
2706  2598  0
2707  2030  1
2707  322  4
2710  382  8
2713  954  4
2716  2038  9
2718  3071  2
2718  1021  4
2719  1368  9
2719  3415  6
2723  2252  5
2726  3403  7
2727  1890  3
2728  2057  1
2729  3024  9
2730  2364  5
2731  3771  7
2731  885  1
2731  1767  0
2736  3220  4
2737  2619  9
2739  1037  7
2743  1986  9
2743  1711  0
2744  3668  3
2745  648  5
2747  2671  8
2752  2480  7
2755  1334  6
2755  3698  6
2758  2556  1
2760  847  3
2762  861  5
2762  549  4
2762  993  1
2764  3727  3
2765  1648  8
2767  3047  0
2767  3384  5
2768  921  9
2770  2938  7
2770  2022  3
2770  967  3
2770  1344  9
2771  2736  7
2772  2759  3
2774  3240  7
2774  2878  8
2775  198  0
2776  2821  6
2776  3509  3
2778  1088  6
2778  3057  0
2779  397  2
2781  1877  3
2784  2261  1
2785  27  7
2786  94  7
2786  3739  5
2789  316  5
2791  2475  3
2792  2204  4
2795  3304  0
2799  838  2
2800  3135  5
2800  1137  4
2803  77  0
2805  73  0
2807  16  6
2808  780  7
2809  927  2
2815  432  5
2816  724  4
2817  2600  7
2818  334  0
2818  1889  6
2818  3469  5
2818  1187  9
2819  1394  8
2820  3962  3
2822  3288  0
2825  2491  6
2826  573  8
2826  565  3
2828  2428  2
2829  2869  6
2832  410  1
2833  2731  3
2833  261  9
2836  3523  0
2838  3368  1
2843  638  3
2845  2537  3
2845  3612  2
2846  3528  0
2846  3734  5
2846  3895  3
2850  2423  7
2852  1733  2
2852  3807  8
2854  996  7
2861  3207  3
2861  328  2
2864  1740  1
2866  2930  5
2868  2172  4
2869  1590  1
2871  2488  8
2871  2853  3
2872  2665  8
2873  3644  3
2873  253  4
2875  1244  7
2875  2102  5
2876  3291  7
2878  2521  5
2885  395  5
2885  1020  5
2885  3851  9
2886  902  3
2886  277  2
2886  962  8
2887  361  3
2888  1948  3
2889  2999  8
2890  1002  6
2890  2554  6
2892  2970  4
2893  3251  9
2893  2905  3
2894  3431  1
2894  3348  1
2894  2931  7
2894  2741  4
2896  243  8
2900  1863  6
2903  1848  0
2903  686  4
2904  2837  0
2904  146  6
2908  860  2
2909  3542  3
2909  234  8
2909  3462  3
2911  2894  7
2914  1833  9
2914  2632  7
2915  466  6
2916  3678  4
2920  2390  4
2921  2472  9
2922  2905  3
2925  1360  1
2925  753  4
2927  578  3
2927  2290  9
2930  2824  3
2930  1314  9
2931  3541  9
2931  2222  3
2931  3503  6
2932  2664  2
2932  507  4
2934  2244  9
2936  3291  7
2938  1010  5
2938  1034  6
2940  2007  0
2940  2849  9
2943  1569  4
2944  423  5
2945  3297  0
2945  912  5
2946  2484  0
2946  3443  1
2947  581  1
2948  3687  8
2949  680  9
2950  616  8
2951  1712  4
2952  132  3
2958  1338  2
2959  308  8
2961  3151  8
2964  558  8
2966  621  0
2967  3728  8
2969  2174  6
2970  894  1
2972  47  5
2972  3014  7
2973  1126  6
2974  734  0
2974  126  4
2975  1409  3
2978  2820  3
2980  1904  3
2981  643  9
2982  3730  2
2984  2528  0
2987  1759  7
2989  3180  6
2992  756  8
2992  3418  7
2992  1241  6
2993  568  5
2993  2892  3
2994  1467  4
2998  335  4
3000  1797  6
3000  171  6
3001  3624  5
3002  838  4
3003  3275  7
3003  2479  5
3005  2246  0
3006  1312  4
3012  609  5
3015  139  4
3016  2086  2
3016  2079  6
3017  1876  6
3018  523  6
3022  2262  7
3028  1375  9
3030  2259  3
3030  1397  3
3032  2482  6
3033  2700  6
3033  3447  0
3035  1968  3
3038  1223  7
3042  2239  1
3042  1143  9
3044  1188  7
3044  2587  8
3045  106  3
3045  1336  2
3046  9  0
3046  3262  9
3050  2997  6
3052  3462  9
3052  1996  7
3055  2135  3
3056  1500  5
3056  55  7
3058  3916  4
3059  3451  7
3060  1228  2
3060  1811  9
3061  687  8
3062  1906  5
3066  3544  6
3068  1680  1
3071  3525  3
3072  1539  3
3073  1308  8
3074  1080  8
3074  2226  6
3075  1139  6
3075  326  5
3077  2359  0
3077  903  1
3079  3510  0
3080  3129  5
3082  300  6
3083  1042  8
3084  185  9
3086  288  9
3086  476  7
3090  2538  1
3091  2348  3
3091  3935  1
3097  3725  2
3098  850  9
3099  2804  7
3099  3151  8
3104  3691  0
3106  3529  3
3106  1848  6
3107  2361  5
3108  131  2
3108  183  6
3109  448  6
3110  702  1
3110  2727  2
3112  3499  9
3113  2368  4
3114  3139  7
3114  2003  3
3115  3136  7
3115  3941  9
3116  3844  9
3116  739  2
3119  930  1
3121  2703  5
3122  1099  9
3126  1013  8
3126  1755  2
3126  1832  0
3127  13  3
3127  44  2
3127  614  9
3127  1526  9
3128  2515  9
3128  2459  0
3129  206  9
3131  1052  8
3131  2312  5
3132  2307  8
3136  1126  9
3137  2480  8
3137  143  5
3140  1790  1
3142  3690  5
3144  3306  1
3146  826  3
3155  3585  7
3156  1527  7
3156  2551  4
3158  2567  3
3159  1789  5
3162  3668  1
3162  2418  5
3163  1260  7
3167  3464  3
3168  1536  7
3168  291  5
3168  2029  7
3169  3700  1
3169  1681  8
3170  2121  0
3171  3960  6
3171  2531  5
3174  2821  3
3174  2327  7
3175  498  5
3176  1038  0
3179  2160  1
3179  597  9
3181  3192  8
3182  483  2
3184  3585  6
3186  4  2
3192  2026  5
3192  3931  0
3194  2097  1
3195  3820  8
3196  3172  0
3197  2207  6
3200  3490  9
3201  3738  8
3201  2158  1
3206  1999  5
3207  219  5
3211  3214  0
3213  718  9
3213  723  8
3216  2812  3
3219  2537  0
3220  2456  6
3221  850  9
3222  2266  4
3222  2062  7
3223  1399  5
3223  598  7
3224  2117  6
3226  3377  7
3227  2  5
3231  58  8
3233  2648  8
3233  2094  2
3238  3108  6
3238  121  1
3243  2596  2
3244  2130  6
3244  2956  8
3245  3820  0
3248  3435  6
3248  3082  7
3249  2015  9
3251  1417  6
3252  1513  1
3253  2532  3
3253  383  2
3253  157  5
3254  2196  6
3254  3690  1
3257  3607  1
3258  3664  2
3260  574  0
3261  1198  5
3261  1851  4
3266  2592  9
3267  1267  7
3267  1755  5
3269  2790  4
3269  1722  7
3272  370  7
3272  3714  4
3272  2510  7
3273  3859  1
3273  2566  1
3275  3535  7
3275  3087  7
3275  351  7
3279  1355  5
3279  1437  2
3279  1283  1
3280  2728  5
3280  3868  7
3280  2687  1
3281  1059  7
3283  961  5
3284  3157  3
3285  1933  0
3287  3029  3
3287  12  1
3287  27  2
3290  1389  2
3290  1247  4
3293  3503  8
3293  373  6
3294  1878  6
3295  3492  4
3296  1915  6
3298  2785  2
3298  512  4
3298  3943  3
3298  2441  9
3299  1626  9
3299  3360  5
3300  993  7
3300  2071  9
3300  1719  9
3300  3680  7
3303  29  6
3303  2280  2
3303  1936  4
3304  162  0
3304  2853  0
3306  476  2
3307  1683  7
3310  3766  0
3310  3733  9
3312  2777  9
3313  2828  2
3313  3225  4
3313  3514  4
3316  3101  2
3317  1347  9
3321  1938  8
3323  1885  1
3324  2611  9
3326  3491  5
3326  1678  2
3329  2481  3
3329  264  5
3329  2237  8
3334  1471  2
3334  2179  3
3335  3650  9
3336  174  3
3340  2591  5
3341  2975  6
3343  2225  7
3345  1182  6
3345  3311  6
3346  1069  8
3347  1843  7
3348  1841  8
3348  200  2
3348  591  7
3349  999  3
3351  1102  7
3351  1755  3
3354  3097  7
3355  2621  4
3358  1193  4
3358  3798  9
3358  3164  8
3361  1950  1
3362  630  6
3363  1696  9
3363  2891  6
3364  2193  3
3364  2303  6
3368  1448  8
3369  2039  5
3369  935  9
3371  3161  7
3371  1715  1
3372  453  8
3373  1847  0
3375  1005  1
3375  880  4
3376  1235  2
3383  2334  5
3383  3179  8
3385  3953  3
3387  796  4
3389  187  2
3390  3858  9
3390  3807  6
3393  2309  3
3395  2584  9
3396  2222  1
3397  2533  6
3397  609  5
3399  48  8
3400  1024  5
3400  2016  6
3402  3785  6
3405  3044  3
3407  3355  9
3408  157  6
3409  1330  5
3412  2256  1
3413  811  5
3413  2249  4
3416  3063  8
3416  1851  9
3418  229  0
3418  1497  2
3419  1394  1
3421  188  8
3425  3202  4
3426  562  6
3432  205  8
3434  542  0
3436  3860  8
3438  2128  2
3439  1597  4
3439  1038  1
3439  2902  0
3440  2031  8
3440  2697  2
3440  95  7
3441  836  0
3441  1501  9
3441  123  1
3441  892  1
3442  3613  2
3442  2905  1
3445  1472  7
3446  3655  3
3446  2087  2
3448  100  8
3449  1163  1
3449  983  0
3450  3000  3
3450  3382  6
3452  3491  7
3457  2647  5
3461  260  3
3463  972  1
3463  3248  3
3463  3447  0
3465  784  6
3467  2136  9
3469  2438  0
3470  1797  1
3472  3012  0
3473  2274  2
3474  822  0
3476  1032  1
3482  1665  3
3482  1392  4
3482  3074  5
3485  3735  4
3486  1437  9
3489  2601  1
3490  3268  1
3490  2934  5
3491  309  9
3493  2680  3
3494  2207  0
3497  2547  1
3497  658  4
3497  966  8
3498  1281  4
3498  1884  1
3500  1158  9
3501  2127  5
3502  2787  7
3502  2722  9
3503  1122  8
3507  1517  6
3507  106  8
3508  3435  8
3509  3447  7
3510  1237  4
3511  1324  0
3512  2281  6
3512  3088  1
3515  1659  6
3515  1295  2
3516  1053  0
3516  627  8
3517  1660  5
3517  2252  9
3518  1494  7
3523  1884  9
3523  1697  5
3526  1534  1
3530  3862  7
3530  2994  9
3531  3123  6
3533  2463  9
3533  3573  0
3534  2464  7
3535  1228  2
3535  1045  5
3537  2451  2
3539  2645  2
3541  121  4
3544  3960  3
3545  1493  2
3545  1388  2
3546  2115  3
3547  1621  8
3548  2409  7
3549  3105  7
3550  1296  6
3552  3109  8
3552  1078  2
3553  2844  5
3555  665  9
3556  843  6
3557  1468  8
3559  655  4
3559  707  0
3559  3336  6
3562  2503  3
3563  1507  5
3563  3472  0
3563  3976  3
3563  46  8
3567  563  7
3567  2112  6
3568  2935  1
3568  3249  4
3571  2495  6
3572  3172  0
3573  2639  3
3574  835  7
3575  3289  6
3578  2816  9
3578  487  7
3579  3419  2
3579  2258  3
3580  1905  7
3583  900  1
3583  2536  6
3584  3759  9
3587  2848  0
3589  3473  8
3590  477  1
3591  456  7
3592  1007  6
3592  3795  3
3593  726  3
3594  3794  2
3594  944  4
3597  2746  6
3599  1236  8
3600  2734  4
3601  2964  4
3603  1503  5
3605  2539  6
3608  839  7
3609  52  0
3610  32  5
3610  623  7
3610  100  3
3611  1352  7
3611  43  7
3615  3059  8
3618  3634  0
3618  3344  9
3619  2696  1
3619  1320  7
3619  3557  7
3621  1696  4
3622  2433  6
3625  2806  1
3626  517  2
3627  393  7
3628  2273  4
3630  3248  4
3630  661  2
3630  3353  7
3630  3489  3
3634  1400  4
3635  3446  6
3636  3773  3
3639  797  7
3639  3595  4
3642  2614  7
3643  2022  2
3644  3188  7
3646  2517  6
3646  762  5
3650  959  9
3650  2627  5
3650  1382  6
3651  3365  2
3652  3011  6
3656  2738  5
3658  1569  8
3659  2964  4
3659  1084  0
3662  1005  2
3663  767  9
3664  3925  2
3664  3502  6
3666  3943  4
3666  3841  6
3667  2933  0
3668  2595  0
3668  3097  7
3669  2305  3
3669  1110  7
3669  2860  1
3669  1538  1
3671  3634  9
3675  3421  7
3675  2397  8
3676  761  5
3678  1299  1
3679  1234  6
3679  3424  9
3680  2122  8
3682  1818  2
3682  784  0
3683  1382  4
3687  1500  4
3688  3558  5
3688  1754  4
3688  2075  5
3688  2863  3
3689  3100  1
3690  342  4
3691  269  3
3693  3926  6
3693  442  3
3695  3621  4
3695  2140  6
3698  2100  2
3701  3825  4
3702  2853  8
3704  1402  8
3705  3388  8
3706  890  7
3707  785  0
3707  503  7
3709  3104  5
3710  2497  2
3711  34  5
3712  2336  3
3712  3891  2
3712  395  0
3712  827  4
3713  1416  0
3713  2061  7
3719  1343  3
3719  285  7
3720  3990  4
3720  3465  2
3721  3722  8
3728  2329  3
3728  2729  8
3730  1178  7
3734  673  8
3738  1947  8
3742  3694  4
3742  593  4
3747  3699  9
3748  1846  9
3749  3021  8
3749  3792  4
3751  3015  5
3752  3836  7
3753  2521  0
3756  1687  6
3756  2214  8
3757  101  8
3758  1392  3
3758  3997  0
3759  375  3
3759  480  5
3760  1394  5
3761  3297  3
3761  3028  6
3763  711  2
3764  2074  0
3765  3404  2
3769  1777  1
3771  3626  5
3771  3519  6
3775  1922  4
3777  2919  1
3779  132  1
3780  2774  3
3782  2526  7
3783  2172  6
3784  3789  4
3785  3306  9
3785  3944  4
3785  3628  0
3786  1215  2
3787  2357  0
3790  2020  2
3791  3614  9
3791  1464  0
3793  205  8
3793  3588  5
3795  163  1
3795  2873  8
3796  2552  5
3798  258  3
3798  2358  2
3802  2392  3
3803  1525  8
3803  1265  1
3805  2156  0
3805  2214  5
3806  691  2
3809  1153  1
3810  1919  5
3810  2936  6
3812  3774  4
3812  3755  1
3813  2568  2
3814  2006  8
3814  3288  2
3814  2918  6
3814  2548  2
3816  707  9
3818  1499  8
3818  2505  6
3819  822  7
3819  2603  4
3819  1719  0
3821  2757  9
3824  2875  4
3824  1306  2
3825  1199  4
3826  1052  9
3827  1089  2
3830  1844  1
3831  836  5
3833  2076  4
3834  965  5
3835  197  7
3836  2932  4
3839  881  0
3840  3763  7
3841  1574  9
3841  1403  2
3842  3186  8
3844  2547  5
3847  2614  4
3851  2574  8
3851  2639  2
3853  2184  3
3854  2465  2
3856  2002  3
3857  2423  7
3859  16  5
3860  1090  8
3863  2174  1
3864  786  3
3866  2014  3
3868  1001  8
3869  3710  7
3869  3625  5
3874  2665  6
3874  3747  7
3875  3771  4
3875  3271  3
3875  840  6
3877  3854  0
3881  644  6
3882  45  3
3882  302  0
3884  3248  3
3884  856  5
3884  889  3
3886  776  9
3888  1533  9
3888  563  8
3890  1535  9
3892  1622  0
3893  734  5
3894  2555  9
3896  2362  4
3899  3169  4
3899  3296  2
3900  3147  4
3901  2303  9
3901  412  3
3904  255  4
3904  3168  8
3905  1058  0
3905  2354  5
3907  3465  0
3910  1493  7
3910  1211  5
3910  2549  4
3911  413  7
3911  2927  4
3912  1785  4
3912  3616  6
3912  182  1
3913  2069  2
3913  2172  2
3916  3271  7
3918  2665  3
3922  108  4
3923  3651  5
3924  487  1
3925  2493  6
3926  3368  1
3927  3994  0
3928  2608  9
3929  2406  1
3932  2247  6
3934  152  2
3934  3588  8
3935  370  4
3935  1963  4
3937  2139  2
3937  858  4
3939  1307  3
3941  1003  0
3942  3720  4
3942  1127  0
3943  1443  8
3944  134  2
3944  2150  2
3944  200  9
3945  1082  6
3946  157  6
3946  67  2
3948  2827  1
3950  1318  6
3951  1314  6
3952  812  1
3953  367  4
3954  1212  4
3956  3097  7
3957  1385  5
3957  2485  1
3960  749  6
3964  3055  8
3965  3762  6
3965  2070  1
3965  2572  8
3967  815  5
3977  1780  0
3979  1850  1
3979  3647  6
3980  1884  0
3981  3380  2
3982  2933  1
3983  1586  2
3983  2602  9
3986  353  2
3987  48  5
3988  3715  2
3989  952  9
3989  3937  0
3990  1683  1
3991  3592  2
3992  2904  9
3993  736  4
3994  2444  4
3994  1006  2